11111111111111111111111111
10200000000000000000000001
10000000000000000000000001
10007000000000000020000001
10000000000000000000000001
10000001111111100000700001
10000000000000010000000001
10000001000000010000000001
10008001000000010006000001
10000001006600010000000001
10000004066200010000000001
10000001000000010000008001
10070001000000010000000001
10000001111131110007000001
10000000000000000000000001
10000000000000000000000001
10022000000000011111141111
10000000000000000000000001
10000000000000000000000001
10000000000002000000000001
10000000000000000000000001
11111311110000007000000001
10000000000000000000080001
10000000000000000000000001
10000000000000000000000001
11111111111111111111111111